{
 "cells": [
  {
   "cell_type": "markdown",
   "id": "f0a745d9",
   "metadata": {},
   "source": [
    "Latest version"
   ]
  },
  {
   "cell_type": "code",
   "execution_count": null,
   "id": "8162f542",
   "metadata": {},
   "outputs": [],
   "source": []
  },
  {
   "cell_type": "markdown",
   "id": "72270f3d",
   "metadata": {},
   "source": [
    "# Capstone 2 : Exploratory Data Analysis"
   ]
  },
  {
   "cell_type": "markdown",
   "id": "087ca478",
   "metadata": {},
   "source": [
    "## Recall, at the end of the Data Wrangling notebook we left off with \n",
    "    datapath = '../data/processed'\n",
    "    save_file(data15clean, 'clean15.csv', datapath)\n",
    "    \n",
    "## as our cleaned data."
   ]
  },
  {
   "cell_type": "markdown",
   "id": "be8d0229",
   "metadata": {},
   "source": [
    "The feature we will be focusing on will be the type of pitch thrown. For now I decided to focus on starting pitchers as they provide more data and are typically required to have a more diverse pitch repoitoire than relief pitchers who only pitch for an inning or 2. \n",
    "\n",
    "The data will be acquired from https://www.kaggle.com/pschale/mlb-pitch-data-20152018?select=pitches.csv\n",
    "which was scraped from  http://gd2.mlb.com/components/game/mlb/.\n"
   ]
  },
  {
   "cell_type": "markdown",
   "id": "767b2f0a",
   "metadata": {},
   "source": [
    "*I could still consider going back to creating a model for a single player but make the pipeline or function such that the player can be changed easily before running. **"
   ]
  },
  {
   "cell_type": "markdown",
   "id": "73b61304",
   "metadata": {},
   "source": [
    "# Imports"
   ]
  },
  {
   "cell_type": "code",
   "execution_count": 1,
   "id": "3b363e0c",
   "metadata": {},
   "outputs": [],
   "source": [
    "import pandas as pd\n",
    "import numpy as np\n",
    "import os\n",
    "import matplotlib.pyplot as plt\n",
    "import seaborn as sns\n",
    "from sklearn.decomposition import PCA\n",
    "from sklearn.preprocessing import scale\n",
    "\n",
    "from library.sb_utils import save_file"
   ]
  },
  {
   "cell_type": "code",
   "execution_count": 2,
   "id": "54aeeaab",
   "metadata": {},
   "outputs": [],
   "source": [
    "import statsmodels.api as sm # This imports statsmodels (uses R style formulas with pd support. \n",
    "#https://www.statsmodels.org/stable/index.html)\n",
    "from statsmodels.graphics.api import abline_plot # Plots a line given slope & intercept\n",
    "#https://www.statsmodels.org/devel/generated/statsmodels.graphics.regressionplots.abline_plot.html\n",
    "from sklearn.metrics import mean_squared_error, r2_score # Calculates mse & r^2 score.\n",
    "#https://scikit-learn.org/stable/modules/generated/sklearn.metrics.mean_squared_error.html\n",
    "#https://scikit-learn.org/stable/modules/generated/sklearn.metrics.r2_score.html\n",
    "from sklearn.model_selection import train_test_split # splits the data into train & test sets.\n",
    "#uses X-train, X-test, y-train, y-test return format\n",
    "from sklearn import linear_model, preprocessing # creates & performs OLS regression\n",
    "#https://scikit-learn.org/stable/modules/generated/sklearn.linear_model.LinearRegression.html\n",
    "#preprocessing is used for scaling\n",
    "#https://scikit-learn.org/stable/modules/preprocessing.html\n",
    "import warnings # For handling error messages.\n",
    "# Don't worry about the following two instructions: they just suppress warnings that could occur later. \n",
    "warnings.simplefilter(action=\"ignore\", category=FutureWarning)\n",
    "warnings.filterwarnings(action=\"ignore\", module=\"scipy\", message=\"^internal gelsd\")"
   ]
  },
  {
   "cell_type": "code",
   "execution_count": 3,
   "id": "233bb464",
   "metadata": {},
   "outputs": [],
   "source": [
    "#from sklearn.linear_model import\n",
    "from sklearn.linear_model import LogisticRegression\n",
    "from sklearn.metrics import confusion_matrix"
   ]
  },
  {
   "cell_type": "code",
   "execution_count": 4,
   "id": "e912f667",
   "metadata": {},
   "outputs": [],
   "source": [
    "#missing values function\n",
    "def missing(df):\n",
    "    '''Takes dataframe as argument, \n",
    "    returns count and % of missing values for each column'''\n",
    "    import pandas as pd\n",
    "    miss = pd.concat([df.isnull().sum(), 100 * df.isnull().mean()], axis = 1)\n",
    "    miss.columns = ['count','%']\n",
    "    return miss.sort_values(by = ['count'], ascending = False)"
   ]
  },
  {
   "cell_type": "code",
   "execution_count": 5,
   "id": "8adefbbf",
   "metadata": {},
   "outputs": [],
   "source": [
    "filepath = '../data/processed/clean15.csv'"
   ]
  },
  {
   "cell_type": "code",
   "execution_count": 23,
   "id": "b1fea308",
   "metadata": {},
   "outputs": [],
   "source": [
    "data = pd.read_csv(filepath)"
   ]
  },
  {
   "cell_type": "markdown",
   "id": "d937382c",
   "metadata": {},
   "source": [
    "We'll use a few standard pandas dataframe methods to review the properties of our cleaned data"
   ]
  },
  {
   "cell_type": "code",
   "execution_count": 24,
   "id": "b13202b5",
   "metadata": {},
   "outputs": [
    {
     "data": {
      "text/html": [
       "<div>\n",
       "<style scoped>\n",
       "    .dataframe tbody tr th:only-of-type {\n",
       "        vertical-align: middle;\n",
       "    }\n",
       "\n",
       "    .dataframe tbody tr th {\n",
       "        vertical-align: top;\n",
       "    }\n",
       "\n",
       "    .dataframe thead th {\n",
       "        text-align: right;\n",
       "    }\n",
       "</style>\n",
       "<table border=\"1\" class=\"dataframe\">\n",
       "  <thead>\n",
       "    <tr style=\"text-align: right;\">\n",
       "      <th></th>\n",
       "      <th>ab_id</th>\n",
       "      <th>batter_id</th>\n",
       "      <th>event</th>\n",
       "      <th>g_id</th>\n",
       "      <th>inning</th>\n",
       "      <th>o</th>\n",
       "      <th>p_score</th>\n",
       "      <th>p_throws</th>\n",
       "      <th>pitcher_id</th>\n",
       "      <th>stand</th>\n",
       "      <th>...</th>\n",
       "      <th>type</th>\n",
       "      <th>pitch_type</th>\n",
       "      <th>b_score</th>\n",
       "      <th>b_count</th>\n",
       "      <th>s_count</th>\n",
       "      <th>outs</th>\n",
       "      <th>pitch_num</th>\n",
       "      <th>on_1b</th>\n",
       "      <th>on_2b</th>\n",
       "      <th>on_3b</th>\n",
       "    </tr>\n",
       "  </thead>\n",
       "  <tbody>\n",
       "    <tr>\n",
       "      <th>0</th>\n",
       "      <td>2015000001</td>\n",
       "      <td>572761</td>\n",
       "      <td>Groundout</td>\n",
       "      <td>201500001</td>\n",
       "      <td>1</td>\n",
       "      <td>1</td>\n",
       "      <td>0</td>\n",
       "      <td>L</td>\n",
       "      <td>452657</td>\n",
       "      <td>L</td>\n",
       "      <td>...</td>\n",
       "      <td>S</td>\n",
       "      <td>FF</td>\n",
       "      <td>0.0</td>\n",
       "      <td>0.0</td>\n",
       "      <td>0.0</td>\n",
       "      <td>0.0</td>\n",
       "      <td>1.0</td>\n",
       "      <td>0.0</td>\n",
       "      <td>0.0</td>\n",
       "      <td>0.0</td>\n",
       "    </tr>\n",
       "    <tr>\n",
       "      <th>1</th>\n",
       "      <td>2015000001</td>\n",
       "      <td>572761</td>\n",
       "      <td>Groundout</td>\n",
       "      <td>201500001</td>\n",
       "      <td>1</td>\n",
       "      <td>1</td>\n",
       "      <td>0</td>\n",
       "      <td>L</td>\n",
       "      <td>452657</td>\n",
       "      <td>L</td>\n",
       "      <td>...</td>\n",
       "      <td>S</td>\n",
       "      <td>FF</td>\n",
       "      <td>0.0</td>\n",
       "      <td>0.0</td>\n",
       "      <td>1.0</td>\n",
       "      <td>0.0</td>\n",
       "      <td>2.0</td>\n",
       "      <td>0.0</td>\n",
       "      <td>0.0</td>\n",
       "      <td>0.0</td>\n",
       "    </tr>\n",
       "    <tr>\n",
       "      <th>2</th>\n",
       "      <td>2015000001</td>\n",
       "      <td>572761</td>\n",
       "      <td>Groundout</td>\n",
       "      <td>201500001</td>\n",
       "      <td>1</td>\n",
       "      <td>1</td>\n",
       "      <td>0</td>\n",
       "      <td>L</td>\n",
       "      <td>452657</td>\n",
       "      <td>L</td>\n",
       "      <td>...</td>\n",
       "      <td>S</td>\n",
       "      <td>FF</td>\n",
       "      <td>0.0</td>\n",
       "      <td>0.0</td>\n",
       "      <td>2.0</td>\n",
       "      <td>0.0</td>\n",
       "      <td>3.0</td>\n",
       "      <td>0.0</td>\n",
       "      <td>0.0</td>\n",
       "      <td>0.0</td>\n",
       "    </tr>\n",
       "    <tr>\n",
       "      <th>3</th>\n",
       "      <td>2015000001</td>\n",
       "      <td>572761</td>\n",
       "      <td>Groundout</td>\n",
       "      <td>201500001</td>\n",
       "      <td>1</td>\n",
       "      <td>1</td>\n",
       "      <td>0</td>\n",
       "      <td>L</td>\n",
       "      <td>452657</td>\n",
       "      <td>L</td>\n",
       "      <td>...</td>\n",
       "      <td>B</td>\n",
       "      <td>FF</td>\n",
       "      <td>0.0</td>\n",
       "      <td>0.0</td>\n",
       "      <td>2.0</td>\n",
       "      <td>0.0</td>\n",
       "      <td>4.0</td>\n",
       "      <td>0.0</td>\n",
       "      <td>0.0</td>\n",
       "      <td>0.0</td>\n",
       "    </tr>\n",
       "    <tr>\n",
       "      <th>4</th>\n",
       "      <td>2015000001</td>\n",
       "      <td>572761</td>\n",
       "      <td>Groundout</td>\n",
       "      <td>201500001</td>\n",
       "      <td>1</td>\n",
       "      <td>1</td>\n",
       "      <td>0</td>\n",
       "      <td>L</td>\n",
       "      <td>452657</td>\n",
       "      <td>L</td>\n",
       "      <td>...</td>\n",
       "      <td>B</td>\n",
       "      <td>CU</td>\n",
       "      <td>0.0</td>\n",
       "      <td>1.0</td>\n",
       "      <td>2.0</td>\n",
       "      <td>0.0</td>\n",
       "      <td>5.0</td>\n",
       "      <td>0.0</td>\n",
       "      <td>0.0</td>\n",
       "      <td>0.0</td>\n",
       "    </tr>\n",
       "  </tbody>\n",
       "</table>\n",
       "<p>5 rows × 24 columns</p>\n",
       "</div>"
      ],
      "text/plain": [
       "        ab_id  batter_id      event       g_id  inning  o  p_score p_throws  \\\n",
       "0  2015000001     572761  Groundout  201500001       1  1        0        L   \n",
       "1  2015000001     572761  Groundout  201500001       1  1        0        L   \n",
       "2  2015000001     572761  Groundout  201500001       1  1        0        L   \n",
       "3  2015000001     572761  Groundout  201500001       1  1        0        L   \n",
       "4  2015000001     572761  Groundout  201500001       1  1        0        L   \n",
       "\n",
       "   pitcher_id stand  ...  type  pitch_type b_score b_count s_count outs  \\\n",
       "0      452657     L  ...     S          FF     0.0     0.0     0.0  0.0   \n",
       "1      452657     L  ...     S          FF     0.0     0.0     1.0  0.0   \n",
       "2      452657     L  ...     S          FF     0.0     0.0     2.0  0.0   \n",
       "3      452657     L  ...     B          FF     0.0     0.0     2.0  0.0   \n",
       "4      452657     L  ...     B          CU     0.0     1.0     2.0  0.0   \n",
       "\n",
       "   pitch_num  on_1b  on_2b  on_3b  \n",
       "0        1.0    0.0    0.0    0.0  \n",
       "1        2.0    0.0    0.0    0.0  \n",
       "2        3.0    0.0    0.0    0.0  \n",
       "3        4.0    0.0    0.0    0.0  \n",
       "4        5.0    0.0    0.0    0.0  \n",
       "\n",
       "[5 rows x 24 columns]"
      ]
     },
     "execution_count": 24,
     "metadata": {},
     "output_type": "execute_result"
    }
   ],
   "source": [
    "data.head()"
   ]
  },
  {
   "cell_type": "markdown",
   "id": "dd0cd8b8",
   "metadata": {},
   "source": [
    "pd get_dummies() 1 hot encoding to create multiple columns from 1 (categorical)\n",
    "\n",
    "2nd type is label encoding for ordinal features \n",
    "get the number of categories, assign value, put into dict, create a map"
   ]
  },
  {
   "cell_type": "code",
   "execution_count": 25,
   "id": "6a9722cb",
   "metadata": {
    "scrolled": true
   },
   "outputs": [
    {
     "data": {
      "text/html": [
       "<div>\n",
       "<style scoped>\n",
       "    .dataframe tbody tr th:only-of-type {\n",
       "        vertical-align: middle;\n",
       "    }\n",
       "\n",
       "    .dataframe tbody tr th {\n",
       "        vertical-align: top;\n",
       "    }\n",
       "\n",
       "    .dataframe thead th {\n",
       "        text-align: right;\n",
       "    }\n",
       "</style>\n",
       "<table border=\"1\" class=\"dataframe\">\n",
       "  <thead>\n",
       "    <tr style=\"text-align: right;\">\n",
       "      <th></th>\n",
       "      <th>count</th>\n",
       "      <th>%</th>\n",
       "    </tr>\n",
       "  </thead>\n",
       "  <tbody>\n",
       "    <tr>\n",
       "      <th>ab_id</th>\n",
       "      <td>0</td>\n",
       "      <td>0.0</td>\n",
       "    </tr>\n",
       "    <tr>\n",
       "      <th>batter_id</th>\n",
       "      <td>0</td>\n",
       "      <td>0.0</td>\n",
       "    </tr>\n",
       "    <tr>\n",
       "      <th>on_2b</th>\n",
       "      <td>0</td>\n",
       "      <td>0.0</td>\n",
       "    </tr>\n",
       "    <tr>\n",
       "      <th>on_1b</th>\n",
       "      <td>0</td>\n",
       "      <td>0.0</td>\n",
       "    </tr>\n",
       "    <tr>\n",
       "      <th>pitch_num</th>\n",
       "      <td>0</td>\n",
       "      <td>0.0</td>\n",
       "    </tr>\n",
       "    <tr>\n",
       "      <th>outs</th>\n",
       "      <td>0</td>\n",
       "      <td>0.0</td>\n",
       "    </tr>\n",
       "    <tr>\n",
       "      <th>s_count</th>\n",
       "      <td>0</td>\n",
       "      <td>0.0</td>\n",
       "    </tr>\n",
       "    <tr>\n",
       "      <th>b_count</th>\n",
       "      <td>0</td>\n",
       "      <td>0.0</td>\n",
       "    </tr>\n",
       "    <tr>\n",
       "      <th>b_score</th>\n",
       "      <td>0</td>\n",
       "      <td>0.0</td>\n",
       "    </tr>\n",
       "    <tr>\n",
       "      <th>pitch_type</th>\n",
       "      <td>0</td>\n",
       "      <td>0.0</td>\n",
       "    </tr>\n",
       "    <tr>\n",
       "      <th>type</th>\n",
       "      <td>0</td>\n",
       "      <td>0.0</td>\n",
       "    </tr>\n",
       "    <tr>\n",
       "      <th>date</th>\n",
       "      <td>0</td>\n",
       "      <td>0.0</td>\n",
       "    </tr>\n",
       "    <tr>\n",
       "      <th>last_name</th>\n",
       "      <td>0</td>\n",
       "      <td>0.0</td>\n",
       "    </tr>\n",
       "    <tr>\n",
       "      <th>id</th>\n",
       "      <td>0</td>\n",
       "      <td>0.0</td>\n",
       "    </tr>\n",
       "    <tr>\n",
       "      <th>top</th>\n",
       "      <td>0</td>\n",
       "      <td>0.0</td>\n",
       "    </tr>\n",
       "    <tr>\n",
       "      <th>stand</th>\n",
       "      <td>0</td>\n",
       "      <td>0.0</td>\n",
       "    </tr>\n",
       "    <tr>\n",
       "      <th>pitcher_id</th>\n",
       "      <td>0</td>\n",
       "      <td>0.0</td>\n",
       "    </tr>\n",
       "    <tr>\n",
       "      <th>p_throws</th>\n",
       "      <td>0</td>\n",
       "      <td>0.0</td>\n",
       "    </tr>\n",
       "    <tr>\n",
       "      <th>p_score</th>\n",
       "      <td>0</td>\n",
       "      <td>0.0</td>\n",
       "    </tr>\n",
       "    <tr>\n",
       "      <th>o</th>\n",
       "      <td>0</td>\n",
       "      <td>0.0</td>\n",
       "    </tr>\n",
       "    <tr>\n",
       "      <th>inning</th>\n",
       "      <td>0</td>\n",
       "      <td>0.0</td>\n",
       "    </tr>\n",
       "    <tr>\n",
       "      <th>g_id</th>\n",
       "      <td>0</td>\n",
       "      <td>0.0</td>\n",
       "    </tr>\n",
       "    <tr>\n",
       "      <th>event</th>\n",
       "      <td>0</td>\n",
       "      <td>0.0</td>\n",
       "    </tr>\n",
       "    <tr>\n",
       "      <th>on_3b</th>\n",
       "      <td>0</td>\n",
       "      <td>0.0</td>\n",
       "    </tr>\n",
       "  </tbody>\n",
       "</table>\n",
       "</div>"
      ],
      "text/plain": [
       "            count    %\n",
       "ab_id           0  0.0\n",
       "batter_id       0  0.0\n",
       "on_2b           0  0.0\n",
       "on_1b           0  0.0\n",
       "pitch_num       0  0.0\n",
       "outs            0  0.0\n",
       "s_count         0  0.0\n",
       "b_count         0  0.0\n",
       "b_score         0  0.0\n",
       "pitch_type      0  0.0\n",
       "type            0  0.0\n",
       "date            0  0.0\n",
       "last_name       0  0.0\n",
       "id              0  0.0\n",
       "top             0  0.0\n",
       "stand           0  0.0\n",
       "pitcher_id      0  0.0\n",
       "p_throws        0  0.0\n",
       "p_score         0  0.0\n",
       "o               0  0.0\n",
       "inning          0  0.0\n",
       "g_id            0  0.0\n",
       "event           0  0.0\n",
       "on_3b           0  0.0"
      ]
     },
     "execution_count": 25,
     "metadata": {},
     "output_type": "execute_result"
    }
   ],
   "source": [
    "#double check that we dont have any missing values\n",
    "missing(data)"
   ]
  },
  {
   "cell_type": "code",
   "execution_count": 26,
   "id": "2df49f72",
   "metadata": {
    "scrolled": true
   },
   "outputs": [
    {
     "name": "stdout",
     "output_type": "stream",
     "text": [
      "<class 'pandas.core.frame.DataFrame'>\n",
      "RangeIndex: 21602 entries, 0 to 21601\n",
      "Data columns (total 24 columns):\n",
      " #   Column      Non-Null Count  Dtype  \n",
      "---  ------      --------------  -----  \n",
      " 0   ab_id       21602 non-null  int64  \n",
      " 1   batter_id   21602 non-null  int64  \n",
      " 2   event       21602 non-null  object \n",
      " 3   g_id        21602 non-null  int64  \n",
      " 4   inning      21602 non-null  int64  \n",
      " 5   o           21602 non-null  int64  \n",
      " 6   p_score     21602 non-null  int64  \n",
      " 7   p_throws    21602 non-null  object \n",
      " 8   pitcher_id  21602 non-null  int64  \n",
      " 9   stand       21602 non-null  object \n",
      " 10  top         21602 non-null  bool   \n",
      " 11  id          21602 non-null  int64  \n",
      " 12  last_name   21602 non-null  object \n",
      " 13  date        21602 non-null  object \n",
      " 14  type        21602 non-null  object \n",
      " 15  pitch_type  21602 non-null  object \n",
      " 16  b_score     21602 non-null  float64\n",
      " 17  b_count     21602 non-null  float64\n",
      " 18  s_count     21602 non-null  float64\n",
      " 19  outs        21602 non-null  float64\n",
      " 20  pitch_num   21602 non-null  float64\n",
      " 21  on_1b       21602 non-null  float64\n",
      " 22  on_2b       21602 non-null  float64\n",
      " 23  on_3b       21602 non-null  float64\n",
      "dtypes: bool(1), float64(8), int64(8), object(7)\n",
      "memory usage: 3.8+ MB\n"
     ]
    }
   ],
   "source": [
    "data.info()"
   ]
  },
  {
   "cell_type": "markdown",
   "id": "11b1ff98",
   "metadata": {},
   "source": [
    "#data.describe()\n",
    "Encoded:\n",
    "Nominal or ordinal (ordered) feature (identify)\n",
    "2 options, label encoding for ordinal \n",
    "1 "
   ]
  },
  {
   "cell_type": "code",
   "execution_count": 27,
   "id": "8f2d6f5d",
   "metadata": {
    "scrolled": true
   },
   "outputs": [
    {
     "data": {
      "text/html": [
       "<div>\n",
       "<style scoped>\n",
       "    .dataframe tbody tr th:only-of-type {\n",
       "        vertical-align: middle;\n",
       "    }\n",
       "\n",
       "    .dataframe tbody tr th {\n",
       "        vertical-align: top;\n",
       "    }\n",
       "\n",
       "    .dataframe thead th {\n",
       "        text-align: right;\n",
       "    }\n",
       "</style>\n",
       "<table border=\"1\" class=\"dataframe\">\n",
       "  <thead>\n",
       "    <tr style=\"text-align: right;\">\n",
       "      <th></th>\n",
       "      <th>ab_id</th>\n",
       "      <th>batter_id</th>\n",
       "      <th>g_id</th>\n",
       "      <th>inning</th>\n",
       "      <th>o</th>\n",
       "      <th>p_score</th>\n",
       "      <th>pitcher_id</th>\n",
       "      <th>top</th>\n",
       "      <th>id</th>\n",
       "      <th>b_score</th>\n",
       "      <th>b_count</th>\n",
       "      <th>s_count</th>\n",
       "      <th>outs</th>\n",
       "      <th>pitch_num</th>\n",
       "      <th>on_1b</th>\n",
       "      <th>on_2b</th>\n",
       "      <th>on_3b</th>\n",
       "    </tr>\n",
       "  </thead>\n",
       "  <tbody>\n",
       "    <tr>\n",
       "      <th>ab_id</th>\n",
       "      <td>1.000000</td>\n",
       "      <td>0.066781</td>\n",
       "      <td>0.999990</td>\n",
       "      <td>0.031528</td>\n",
       "      <td>0.025075</td>\n",
       "      <td>-0.038446</td>\n",
       "      <td>-0.080594</td>\n",
       "      <td>-0.029842</td>\n",
       "      <td>-0.080594</td>\n",
       "      <td>-0.011220</td>\n",
       "      <td>-0.004679</td>\n",
       "      <td>0.017584</td>\n",
       "      <td>0.016263</td>\n",
       "      <td>0.013609</td>\n",
       "      <td>-0.023364</td>\n",
       "      <td>0.004234</td>\n",
       "      <td>-0.001584</td>\n",
       "    </tr>\n",
       "    <tr>\n",
       "      <th>batter_id</th>\n",
       "      <td>0.066781</td>\n",
       "      <td>1.000000</td>\n",
       "      <td>0.066853</td>\n",
       "      <td>0.015528</td>\n",
       "      <td>-0.015304</td>\n",
       "      <td>0.030050</td>\n",
       "      <td>-0.032001</td>\n",
       "      <td>0.013836</td>\n",
       "      <td>-0.032001</td>\n",
       "      <td>-0.011592</td>\n",
       "      <td>0.013114</td>\n",
       "      <td>0.011350</td>\n",
       "      <td>-0.016523</td>\n",
       "      <td>0.011228</td>\n",
       "      <td>-0.017507</td>\n",
       "      <td>-0.011000</td>\n",
       "      <td>-0.001280</td>\n",
       "    </tr>\n",
       "    <tr>\n",
       "      <th>g_id</th>\n",
       "      <td>0.999990</td>\n",
       "      <td>0.066853</td>\n",
       "      <td>1.000000</td>\n",
       "      <td>0.031366</td>\n",
       "      <td>0.025007</td>\n",
       "      <td>-0.039017</td>\n",
       "      <td>-0.080589</td>\n",
       "      <td>-0.030112</td>\n",
       "      <td>-0.080589</td>\n",
       "      <td>-0.011665</td>\n",
       "      <td>-0.004671</td>\n",
       "      <td>0.017591</td>\n",
       "      <td>0.016162</td>\n",
       "      <td>0.013605</td>\n",
       "      <td>-0.023310</td>\n",
       "      <td>0.004133</td>\n",
       "      <td>-0.001563</td>\n",
       "    </tr>\n",
       "    <tr>\n",
       "      <th>inning</th>\n",
       "      <td>0.031528</td>\n",
       "      <td>0.015528</td>\n",
       "      <td>0.031366</td>\n",
       "      <td>1.000000</td>\n",
       "      <td>-0.024359</td>\n",
       "      <td>0.463773</td>\n",
       "      <td>-0.038845</td>\n",
       "      <td>-0.026315</td>\n",
       "      <td>-0.038845</td>\n",
       "      <td>0.247558</td>\n",
       "      <td>0.002325</td>\n",
       "      <td>-0.002908</td>\n",
       "      <td>-0.015481</td>\n",
       "      <td>0.000387</td>\n",
       "      <td>-0.016580</td>\n",
       "      <td>0.003676</td>\n",
       "      <td>-0.005271</td>\n",
       "    </tr>\n",
       "    <tr>\n",
       "      <th>o</th>\n",
       "      <td>0.025075</td>\n",
       "      <td>-0.015304</td>\n",
       "      <td>0.025007</td>\n",
       "      <td>-0.024359</td>\n",
       "      <td>1.000000</td>\n",
       "      <td>-0.002036</td>\n",
       "      <td>-0.016596</td>\n",
       "      <td>0.008393</td>\n",
       "      <td>-0.016596</td>\n",
       "      <td>0.029826</td>\n",
       "      <td>-0.028491</td>\n",
       "      <td>0.023074</td>\n",
       "      <td>0.870840</td>\n",
       "      <td>-0.011721</td>\n",
       "      <td>0.131614</td>\n",
       "      <td>0.124524</td>\n",
       "      <td>0.077002</td>\n",
       "    </tr>\n",
       "    <tr>\n",
       "      <th>p_score</th>\n",
       "      <td>-0.038446</td>\n",
       "      <td>0.030050</td>\n",
       "      <td>-0.039017</td>\n",
       "      <td>0.463773</td>\n",
       "      <td>-0.002036</td>\n",
       "      <td>1.000000</td>\n",
       "      <td>-0.022190</td>\n",
       "      <td>-0.120106</td>\n",
       "      <td>-0.022190</td>\n",
       "      <td>0.127076</td>\n",
       "      <td>0.004397</td>\n",
       "      <td>0.006752</td>\n",
       "      <td>0.005561</td>\n",
       "      <td>0.008727</td>\n",
       "      <td>-0.020935</td>\n",
       "      <td>0.023407</td>\n",
       "      <td>0.020093</td>\n",
       "    </tr>\n",
       "    <tr>\n",
       "      <th>pitcher_id</th>\n",
       "      <td>-0.080594</td>\n",
       "      <td>-0.032001</td>\n",
       "      <td>-0.080589</td>\n",
       "      <td>-0.038845</td>\n",
       "      <td>-0.016596</td>\n",
       "      <td>-0.022190</td>\n",
       "      <td>1.000000</td>\n",
       "      <td>-0.021117</td>\n",
       "      <td>1.000000</td>\n",
       "      <td>0.008959</td>\n",
       "      <td>-0.015018</td>\n",
       "      <td>0.021704</td>\n",
       "      <td>-0.010693</td>\n",
       "      <td>0.013850</td>\n",
       "      <td>0.007673</td>\n",
       "      <td>-0.000672</td>\n",
       "      <td>-0.012939</td>\n",
       "    </tr>\n",
       "    <tr>\n",
       "      <th>top</th>\n",
       "      <td>-0.029842</td>\n",
       "      <td>0.013836</td>\n",
       "      <td>-0.030112</td>\n",
       "      <td>-0.026315</td>\n",
       "      <td>0.008393</td>\n",
       "      <td>-0.120106</td>\n",
       "      <td>-0.021117</td>\n",
       "      <td>1.000000</td>\n",
       "      <td>-0.021117</td>\n",
       "      <td>-0.029726</td>\n",
       "      <td>0.000666</td>\n",
       "      <td>0.007605</td>\n",
       "      <td>0.009754</td>\n",
       "      <td>0.009253</td>\n",
       "      <td>0.001246</td>\n",
       "      <td>-0.014769</td>\n",
       "      <td>0.005076</td>\n",
       "    </tr>\n",
       "    <tr>\n",
       "      <th>id</th>\n",
       "      <td>-0.080594</td>\n",
       "      <td>-0.032001</td>\n",
       "      <td>-0.080589</td>\n",
       "      <td>-0.038845</td>\n",
       "      <td>-0.016596</td>\n",
       "      <td>-0.022190</td>\n",
       "      <td>1.000000</td>\n",
       "      <td>-0.021117</td>\n",
       "      <td>1.000000</td>\n",
       "      <td>0.008959</td>\n",
       "      <td>-0.015018</td>\n",
       "      <td>0.021704</td>\n",
       "      <td>-0.010693</td>\n",
       "      <td>0.013850</td>\n",
       "      <td>0.007673</td>\n",
       "      <td>-0.000672</td>\n",
       "      <td>-0.012939</td>\n",
       "    </tr>\n",
       "    <tr>\n",
       "      <th>b_score</th>\n",
       "      <td>-0.011220</td>\n",
       "      <td>-0.011592</td>\n",
       "      <td>-0.011665</td>\n",
       "      <td>0.247558</td>\n",
       "      <td>0.029826</td>\n",
       "      <td>0.127076</td>\n",
       "      <td>0.008959</td>\n",
       "      <td>-0.029726</td>\n",
       "      <td>0.008959</td>\n",
       "      <td>1.000000</td>\n",
       "      <td>0.016208</td>\n",
       "      <td>-0.025028</td>\n",
       "      <td>0.059144</td>\n",
       "      <td>-0.008264</td>\n",
       "      <td>0.050281</td>\n",
       "      <td>0.081191</td>\n",
       "      <td>0.074265</td>\n",
       "    </tr>\n",
       "    <tr>\n",
       "      <th>b_count</th>\n",
       "      <td>-0.004679</td>\n",
       "      <td>0.013114</td>\n",
       "      <td>-0.004671</td>\n",
       "      <td>0.002325</td>\n",
       "      <td>-0.028491</td>\n",
       "      <td>0.004397</td>\n",
       "      <td>-0.015018</td>\n",
       "      <td>0.000666</td>\n",
       "      <td>-0.015018</td>\n",
       "      <td>0.016208</td>\n",
       "      <td>1.000000</td>\n",
       "      <td>0.388981</td>\n",
       "      <td>0.017485</td>\n",
       "      <td>0.806021</td>\n",
       "      <td>-0.039819</td>\n",
       "      <td>0.029614</td>\n",
       "      <td>0.020357</td>\n",
       "    </tr>\n",
       "    <tr>\n",
       "      <th>s_count</th>\n",
       "      <td>0.017584</td>\n",
       "      <td>0.011350</td>\n",
       "      <td>0.017591</td>\n",
       "      <td>-0.002908</td>\n",
       "      <td>0.023074</td>\n",
       "      <td>0.006752</td>\n",
       "      <td>0.021704</td>\n",
       "      <td>0.007605</td>\n",
       "      <td>0.021704</td>\n",
       "      <td>-0.025028</td>\n",
       "      <td>0.388981</td>\n",
       "      <td>1.000000</td>\n",
       "      <td>-0.001405</td>\n",
       "      <td>0.798286</td>\n",
       "      <td>-0.051732</td>\n",
       "      <td>0.004946</td>\n",
       "      <td>0.001707</td>\n",
       "    </tr>\n",
       "    <tr>\n",
       "      <th>outs</th>\n",
       "      <td>0.016263</td>\n",
       "      <td>-0.016523</td>\n",
       "      <td>0.016162</td>\n",
       "      <td>-0.015481</td>\n",
       "      <td>0.870840</td>\n",
       "      <td>0.005561</td>\n",
       "      <td>-0.010693</td>\n",
       "      <td>0.009754</td>\n",
       "      <td>-0.010693</td>\n",
       "      <td>0.059144</td>\n",
       "      <td>0.017485</td>\n",
       "      <td>-0.001405</td>\n",
       "      <td>1.000000</td>\n",
       "      <td>0.003035</td>\n",
       "      <td>0.122877</td>\n",
       "      <td>0.150605</td>\n",
       "      <td>0.110253</td>\n",
       "    </tr>\n",
       "    <tr>\n",
       "      <th>pitch_num</th>\n",
       "      <td>0.013609</td>\n",
       "      <td>0.011228</td>\n",
       "      <td>0.013605</td>\n",
       "      <td>0.000387</td>\n",
       "      <td>-0.011721</td>\n",
       "      <td>0.008727</td>\n",
       "      <td>0.013850</td>\n",
       "      <td>0.009253</td>\n",
       "      <td>0.013850</td>\n",
       "      <td>-0.008264</td>\n",
       "      <td>0.806021</td>\n",
       "      <td>0.798286</td>\n",
       "      <td>0.003035</td>\n",
       "      <td>1.000000</td>\n",
       "      <td>-0.054123</td>\n",
       "      <td>0.021912</td>\n",
       "      <td>0.014230</td>\n",
       "    </tr>\n",
       "    <tr>\n",
       "      <th>on_1b</th>\n",
       "      <td>-0.023364</td>\n",
       "      <td>-0.017507</td>\n",
       "      <td>-0.023310</td>\n",
       "      <td>-0.016580</td>\n",
       "      <td>0.131614</td>\n",
       "      <td>-0.020935</td>\n",
       "      <td>0.007673</td>\n",
       "      <td>0.001246</td>\n",
       "      <td>0.007673</td>\n",
       "      <td>0.050281</td>\n",
       "      <td>-0.039819</td>\n",
       "      <td>-0.051732</td>\n",
       "      <td>0.122877</td>\n",
       "      <td>-0.054123</td>\n",
       "      <td>1.000000</td>\n",
       "      <td>0.139091</td>\n",
       "      <td>0.145365</td>\n",
       "    </tr>\n",
       "    <tr>\n",
       "      <th>on_2b</th>\n",
       "      <td>0.004234</td>\n",
       "      <td>-0.011000</td>\n",
       "      <td>0.004133</td>\n",
       "      <td>0.003676</td>\n",
       "      <td>0.124524</td>\n",
       "      <td>0.023407</td>\n",
       "      <td>-0.000672</td>\n",
       "      <td>-0.014769</td>\n",
       "      <td>-0.000672</td>\n",
       "      <td>0.081191</td>\n",
       "      <td>0.029614</td>\n",
       "      <td>0.004946</td>\n",
       "      <td>0.150605</td>\n",
       "      <td>0.021912</td>\n",
       "      <td>0.139091</td>\n",
       "      <td>1.000000</td>\n",
       "      <td>0.150636</td>\n",
       "    </tr>\n",
       "    <tr>\n",
       "      <th>on_3b</th>\n",
       "      <td>-0.001584</td>\n",
       "      <td>-0.001280</td>\n",
       "      <td>-0.001563</td>\n",
       "      <td>-0.005271</td>\n",
       "      <td>0.077002</td>\n",
       "      <td>0.020093</td>\n",
       "      <td>-0.012939</td>\n",
       "      <td>0.005076</td>\n",
       "      <td>-0.012939</td>\n",
       "      <td>0.074265</td>\n",
       "      <td>0.020357</td>\n",
       "      <td>0.001707</td>\n",
       "      <td>0.110253</td>\n",
       "      <td>0.014230</td>\n",
       "      <td>0.145365</td>\n",
       "      <td>0.150636</td>\n",
       "      <td>1.000000</td>\n",
       "    </tr>\n",
       "  </tbody>\n",
       "</table>\n",
       "</div>"
      ],
      "text/plain": [
       "               ab_id  batter_id      g_id    inning         o   p_score  \\\n",
       "ab_id       1.000000   0.066781  0.999990  0.031528  0.025075 -0.038446   \n",
       "batter_id   0.066781   1.000000  0.066853  0.015528 -0.015304  0.030050   \n",
       "g_id        0.999990   0.066853  1.000000  0.031366  0.025007 -0.039017   \n",
       "inning      0.031528   0.015528  0.031366  1.000000 -0.024359  0.463773   \n",
       "o           0.025075  -0.015304  0.025007 -0.024359  1.000000 -0.002036   \n",
       "p_score    -0.038446   0.030050 -0.039017  0.463773 -0.002036  1.000000   \n",
       "pitcher_id -0.080594  -0.032001 -0.080589 -0.038845 -0.016596 -0.022190   \n",
       "top        -0.029842   0.013836 -0.030112 -0.026315  0.008393 -0.120106   \n",
       "id         -0.080594  -0.032001 -0.080589 -0.038845 -0.016596 -0.022190   \n",
       "b_score    -0.011220  -0.011592 -0.011665  0.247558  0.029826  0.127076   \n",
       "b_count    -0.004679   0.013114 -0.004671  0.002325 -0.028491  0.004397   \n",
       "s_count     0.017584   0.011350  0.017591 -0.002908  0.023074  0.006752   \n",
       "outs        0.016263  -0.016523  0.016162 -0.015481  0.870840  0.005561   \n",
       "pitch_num   0.013609   0.011228  0.013605  0.000387 -0.011721  0.008727   \n",
       "on_1b      -0.023364  -0.017507 -0.023310 -0.016580  0.131614 -0.020935   \n",
       "on_2b       0.004234  -0.011000  0.004133  0.003676  0.124524  0.023407   \n",
       "on_3b      -0.001584  -0.001280 -0.001563 -0.005271  0.077002  0.020093   \n",
       "\n",
       "            pitcher_id       top        id   b_score   b_count   s_count  \\\n",
       "ab_id        -0.080594 -0.029842 -0.080594 -0.011220 -0.004679  0.017584   \n",
       "batter_id    -0.032001  0.013836 -0.032001 -0.011592  0.013114  0.011350   \n",
       "g_id         -0.080589 -0.030112 -0.080589 -0.011665 -0.004671  0.017591   \n",
       "inning       -0.038845 -0.026315 -0.038845  0.247558  0.002325 -0.002908   \n",
       "o            -0.016596  0.008393 -0.016596  0.029826 -0.028491  0.023074   \n",
       "p_score      -0.022190 -0.120106 -0.022190  0.127076  0.004397  0.006752   \n",
       "pitcher_id    1.000000 -0.021117  1.000000  0.008959 -0.015018  0.021704   \n",
       "top          -0.021117  1.000000 -0.021117 -0.029726  0.000666  0.007605   \n",
       "id            1.000000 -0.021117  1.000000  0.008959 -0.015018  0.021704   \n",
       "b_score       0.008959 -0.029726  0.008959  1.000000  0.016208 -0.025028   \n",
       "b_count      -0.015018  0.000666 -0.015018  0.016208  1.000000  0.388981   \n",
       "s_count       0.021704  0.007605  0.021704 -0.025028  0.388981  1.000000   \n",
       "outs         -0.010693  0.009754 -0.010693  0.059144  0.017485 -0.001405   \n",
       "pitch_num     0.013850  0.009253  0.013850 -0.008264  0.806021  0.798286   \n",
       "on_1b         0.007673  0.001246  0.007673  0.050281 -0.039819 -0.051732   \n",
       "on_2b        -0.000672 -0.014769 -0.000672  0.081191  0.029614  0.004946   \n",
       "on_3b        -0.012939  0.005076 -0.012939  0.074265  0.020357  0.001707   \n",
       "\n",
       "                outs  pitch_num     on_1b     on_2b     on_3b  \n",
       "ab_id       0.016263   0.013609 -0.023364  0.004234 -0.001584  \n",
       "batter_id  -0.016523   0.011228 -0.017507 -0.011000 -0.001280  \n",
       "g_id        0.016162   0.013605 -0.023310  0.004133 -0.001563  \n",
       "inning     -0.015481   0.000387 -0.016580  0.003676 -0.005271  \n",
       "o           0.870840  -0.011721  0.131614  0.124524  0.077002  \n",
       "p_score     0.005561   0.008727 -0.020935  0.023407  0.020093  \n",
       "pitcher_id -0.010693   0.013850  0.007673 -0.000672 -0.012939  \n",
       "top         0.009754   0.009253  0.001246 -0.014769  0.005076  \n",
       "id         -0.010693   0.013850  0.007673 -0.000672 -0.012939  \n",
       "b_score     0.059144  -0.008264  0.050281  0.081191  0.074265  \n",
       "b_count     0.017485   0.806021 -0.039819  0.029614  0.020357  \n",
       "s_count    -0.001405   0.798286 -0.051732  0.004946  0.001707  \n",
       "outs        1.000000   0.003035  0.122877  0.150605  0.110253  \n",
       "pitch_num   0.003035   1.000000 -0.054123  0.021912  0.014230  \n",
       "on_1b       0.122877  -0.054123  1.000000  0.139091  0.145365  \n",
       "on_2b       0.150605   0.021912  0.139091  1.000000  0.150636  \n",
       "on_3b       0.110253   0.014230  0.145365  0.150636  1.000000  "
      ]
     },
     "execution_count": 27,
     "metadata": {},
     "output_type": "execute_result"
    }
   ],
   "source": [
    "data.corr()"
   ]
  },
  {
   "cell_type": "markdown",
   "id": "1dab55c6",
   "metadata": {},
   "source": [
    "We wrapped up our data wrangling with the following display of histograms for each feature. While many do not tell us anything useful (for example, ab_id & g_id), we can gain a visual perspective of the values in other features (for example, s_count, b_count, outs)."
   ]
  },
  {
   "cell_type": "code",
   "execution_count": 28,
   "id": "4c975d1e",
   "metadata": {},
   "outputs": [
    {
     "data": {
